0000000044444444000000000000000000004444444400000000
0000444400000000444400000000000044440000000044440000
0044440044444444004444000000004444004444444400444400
0044004400000000440044000000004400440000000044004400
4400440000000000004400444444440044000000000000440044
4400400000000044444400000000000044444400000000040044
4400400000004440000000000000000000000444000000040044
4400440000440000000000000000000000000000440000440044
0044004444004444444400000000000044444444004444004400
0044440044440044440044400000044400444400444400444400
0000444440000044440000440000440000444400000444440000
0000004400000044440000004444000000444400000044000000
0000044400000044440000000440000000444400000044400000
0000044400000044440000000440000000444400000044400000
0000444400000044440000004444000000444400000044440000
0000440040000044440000040000400000444400000040440000
0000440004440044440044400000044400444400444000440000
0000440000004444444400000000000044444444000000440000
0000044444444444444444444444444444444444444444400000
0000004400004400000044000000004400000044000044000000
0000004400440004400440000000004400440004400044000000
0000000444000004004000440000440004004000004440000000
0000000044440000440000040000400000440000444400000000
0000000000444400400000004004000000040044440000000000
0000000000000444444400004444000044444440000000000000
0000000000000000000444444444444440000000000000000000
